1 0 0 0
2 1 0 0
3 0 1 0
4 1 1 0
5 0.1999999999995579 0 0
6 0.3999999999989749 0 0
7 0.5999999999989468 0 0
8 0.7999999999994734 0 0
9 1 0.1999999999995579 0
10 1 0.3999999999989749 0
11 1 0.5999999999989468 0
12 1 0.7999999999994734 0
13 0.7999999999999998 1 0
14 0.6000000000013869 1 0
15 0.4000000000016644 1 0
16 0.2000000000008322 1 0
17 0 0.7999999999999998 0
18 0 0.6000000000013869 0
19 0 0.4000000000016644 0
20 0 0.2000000000008322 0
21 0.4816816406252988 0.6350030924479149 0
22 0.4564039713550382 0.8272072211371588 0
23 0.8461955306962322 0.6936458874428243 0
24 0.6104151891284312 0.347257512964981 0
25 0.2009544349413392 0.3147244616048442 0
26 0.1578470052086488 0.7406785481774278 0
27 0.4179740939667105 0.3037226087783804 0
28 0.3061125184895006 0.143825752778788 0
29 0.1732639506268407 0.5400865002990357 0
30 0.4995114951885228 0.4803768391981645 0
31 0.6597934243376158 0.7682094514354012 0
32 0.6744794033477389 0.5534005075847724 0
33 0.5177465820306416 0.1445074462890875 0
34 0.3565878099983418 0.4952153216705971 0
35 0.3241944536127142 0.6899006703382945 0
36 0.7191117991166893 0.1712698986224352 0
37 0.273074238363219 0.8596310732754802 0
38 0.12618424871454 0.8800619242905816 0
39 0.815805914219175 0.3342544527802097 0
40 0.8730284982215275 0.1487941520957957 0
41 0.1414133906860796 0.1317100428768929 0
42 0.8618192756984705 0.5213464468402507 0
43 0.817664825839206 0.8769758898129498 0
