1 2 2 1 1 22 14 15
2 2 2 1 1 20 25 19
3 2 2 1 1 12 23 11
4 2 2 1 1 18 26 17
5 2 2 1 1 25 28 27
6 2 2 1 1 29 26 18
7 2 2 1 1 24 30 27
8 2 2 1 1 31 22 21
9 2 2 1 1 32 23 31
10 2 2 1 1 21 32 31
11 2 2 1 1 33 6 7
12 2 2 1 1 33 24 27
13 2 2 1 1 25 34 29
14 2 2 1 1 34 25 27
15 2 2 1 1 35 21 22
16 2 2 1 1 35 26 29
17 2 2 1 1 8 36 7
18 2 2 1 1 37 15 16
19 2 2 1 1 15 37 22
20 2 2 1 1 38 16 3
21 2 2 1 1 38 17 26
22 2 2 1 1 17 38 3
23 2 2 1 1 38 37 16
24 2 2 1 1 26 37 38
25 2 2 1 1 28 5 6
26 2 2 1 1 36 33 7
27 2 2 1 1 24 33 36
28 2 2 1 1 37 35 22
29 2 2 1 1 26 35 37
30 2 2 1 1 33 28 6
31 2 2 1 1 27 28 33
32 2 2 1 1 34 30 21
33 2 2 1 1 27 30 34
34 2 2 1 1 30 32 21
35 2 2 1 1 35 34 21
36 2 2 1 1 29 34 35
37 2 2 1 1 31 14 22
38 2 2 1 1 40 8 2
39 2 2 1 1 9 40 2
40 2 2 1 1 8 40 36
41 2 2 1 1 5 41 1
42 2 2 1 1 41 20 1
43 2 2 1 1 39 9 10
44 2 2 1 1 36 39 24
45 2 2 1 1 39 36 40
46 2 2 1 1 39 40 9
47 2 2 1 1 41 5 28
48 2 2 1 1 25 41 28
49 2 2 1 1 41 25 20
50 2 2 1 1 18 19 29
51 2 2 1 1 19 25 29
52 2 2 1 1 23 42 11
53 2 2 1 1 42 10 11
54 2 2 1 1 39 10 42
55 2 2 1 1 42 23 32
56 2 2 1 1 30 24 32
57 2 2 1 1 24 39 32
58 2 2 1 1 39 42 32
59 2 2 1 1 43 12 4
60 2 2 1 1 13 43 4
61 2 2 1 1 14 43 13
62 2 2 1 1 23 43 31
63 2 2 1 1 43 23 12
64 2 2 1 1 14 31 43
